
----- VR300 Trace -----

0: C0 C3                                     D1 C3 40 [00 A0 00 00 40 00 00 00 00 00 00] (13:27:13;05.075)
0: C1 C7 06                                  D4 C7 00 00 04 00 [00 A0 00 00 40 00 00 00 00 00 00] (13:27:13;05.079)
1: C1 AC 01                                  10 01    [00 A0 00 00 40 00 00 00 00 00 00] (13:27:13;05.082)
1: C4 B1 00 00 00 02                         DF B1 0D 36 30 37 2E 31 30 30 2E 33 31 33 30 34 [00 A0 00 00 40 00 00 00 00 00 00] (13:27:13;05.084)
1: C8 B1 00 00 00 03 00 00 00 03             10 01    [00 A0 00 00 40 00 00 00 00 00 00] (13:27:13;05.087)
1: CF B9 12 7E 7E 7E 02 0C 01 03 0B 00 00 00 00 29 59 59 23 00 20 D4 B9 00 00 00 00 [00 A0 00 00 40 00 00 00 00 00 00] (13:27:13;05.090)
1: C4 B3 00 00 00 00                         D4 B3 00 00 00 00 [00 A0 00 00 40 00 00 00 00 00 00] (13:27:13;05.095)
1: C4 B3 00 00 00 00                         D4 B3 00 00 00 01 [00 A0 00 00 40 00 00 00 00 00 01] (13:27:13;08.335)
1: CF 44 7E 7E 7E 02 0C 01 03 0B 08 00 00 00 00 00 00 00 00 00 00 00 00 F1 33 00 00 00 00 00 00 00 00 00 00 00 00 00 00 00 00 00 00 00 00 00 00 00 00 00 00 00 00 00 00 00 00 00 00 00 00 00 00 00 00 00 00 00 00 00 10 01    [00 A0 00 00 40 00 00 00 00 00 01] (13:27:13;08.339)
0: C1 A4 FF                                  D0 A4    [00 A0 00 00 40 00 00 00 00 00 00] (13:27:18;00.886)
0: C1 A4 FF                                  D0 A4    [00 A0 00 00 40 00 00 00 00 00 00] (13:27:18;00.887)
0: C1 A4 FF                                  D0 A4    [00 A0 00 00 40 00 00 00 00 00 00] (13:27:19;03.310)
2: C1 AC 05                                  10 01    [00 A0 00 00 40 00 00 00 00 00 00] (13:27:19;09.305)
0: C0 AC                                     D1 AC 00 [00 A0 00 00 40 00 00 00 00 00 00] (13:27:19;15.298)
0: C0 A9                                     DF A9 59 DD 07 06 00 04 00 06 00 0D 00 1A 00 25 00 93 01 4F 70 65 6E 20 64 69 73 6B 5B 30 30 5D 2E 70 61 74 68 5B 30 5D 20 28 69 6E 74 3D 30 30 29 20 32 2D 30 2D 30 30 2D 30 31 20 30 30 63 30 66 66 31 35 37 62 63 65 30 30 30 30 33 36 36 64 39 33 35 31 30 31 30 30 30 30 30 30 [00 A0 00 00 40 00 00 00 00 00 00] (13:27:20;03.281)
0: C0 A9                                     DF A9 59 DD 07 06 00 04 00 06 00 0D 00 1A 00 25 00 93 01 4F 70 65 6E 20 64 69 73 6B 5B 30 31 5D 2E 70 61 74 68 5B 30 5D 20 28 69 6E 74 3D 30 31 29 20 32 2D 30 2D 30 30 2D 30 32 20 30 30 63 30 66 66 31 35 37 62 63 36 30 30 30 30 36 30 36 64 39 33 35 31 30 31 30 30 30 30 30 30 [00 A0 00 00 40 00 00 00 00 00 00] (13:27:20;09.291)
0: C0 A9                                     DF A9 59 DD 07 06 00 04 00 06 00 0D 00 1A 00 25 00 93 01 4F 70 65 6E 20 64 69 73 6B 5B 30 32 5D 2E 70 61 74 68 5B 30 5D 20 28 69 6E 74 3D 30 32 29 20 32 2D 30 2D 30 30 2D 30 33 20 30 30 63 30 66 66 31 35 37 62 63 65 30 30 30 30 38 61 36 64 39 33 35 31 30 31 30 30 30 30 30 30 [00 A0 00 00 40 00 00 00 00 00 00] (13:27:20;15.270)
0: C0 A9                                     DF A9 59 DD 07 06 00 04 00 06 00 0D 00 1A 00 25 00 93 01 4F 70 65 6E 20 64 69 73 6B 5B 30 33 5D 2E 70 61 74 68 5B 30 5D 20 28 69 6E 74 3D 30 33 29 20 32 2D 30 2D 30 30 2D 30 34 20 30 30 63 30 66 66 31 35 37 62 63 36 30 30 30 30 61 65 36 64 39 33 35 31 30 31 30 30 30 30 30 30 [00 A0 00 00 40 00 00 00 00 00 00] (13:27:20;21.264)
0: C0 A9                                     DF A9 59 DD 07 06 00 04 00 06 00 0D 00 1A 00 25 00 93 01 4F 70 65 6E 20 64 69 73 6B 5B 30 30 5D 2E 70 61 74 68 5B 31 5D 20 28 69 6E 74 3D 30 34 29 20 33 2D 30 2D 30 30 2D 30 31 20 30 30 63 30 66 66 31 35 37 62 63 65 30 30 30 30 33 36 36 64 39 33 35 31 30 31 30 30 30 30 30 30 [00 A0 00 00 40 00 00 00 00 00 00] (13:27:20;27.260)
2: C1 AC 05                                  10 01    [00 A0 00 00 40 00 00 00 00 00 00] (13:27:21;01.087)
0: C0 A9                                     DF A9 59 DD 07 06 00 04 00 06 00 0D 00 1A 00 25 00 93 01 4F 70 65 6E 20 64 69 73 6B 5B 30 31 5D 2E 70 61 74 68 5B 31 5D 20 28 69 6E 74 3D 30 35 29 20 33 2D 30 2D 30 30 2D 30 32 20 30 30 63 30 66 66 31 35 37 62 63 36 30 30 30 30 36 30 36 64 39 33 35 31 30 31 30 30 30 30 30 30 [00 A0 00 00 40 00 00 00 00 00 00] (13:27:21;03.281)
0: C0 A9                                     DF A9 59 DD 07 06 00 04 00 06 00 0D 00 1A 00 25 00 A3 01 4F 70 65 6E 20 64 69 73 6B 5B 30 32 5D 2E 70 61 74 68 5B 31 5D 20 28 69 6E 74 3D 30 36 29 20 33 2D 30 2D 30 30 2D 30 33 20 30 30 63 30 66 66 31 35 37 62 63 65 30 30 30 30 38 61 36 64 39 33 35 31 30 31 30 30 30 30 30 30 [00 A0 00 00 40 00 00 00 00 00 00] (13:27:23;03.224)
0: C0 AC                                     D1 AC 00 [00 A0 00 00 40 00 00 00 00 00 00] (13:27:24;01.284)
1: C0 03                                     D0 03    [00 A0 00 00 40 00 00 00 00 00 00] (13:27:29;15.969)
1: C0 03                                     D0 03    [00 A0 00 00 40 00 00 00 00 00 00] (13:27:30;28.635)
0: C0 A9                                     DF A9 59 DD 07 06 00 04 00 06 00 0D 00 1A 00 25 00 A3 01 4F 70 65 6E 20 64 69 73 6B 5B 30 33 5D 2E 70 61 74 68 5B 31 5D 20 28 69 6E 74 3D 30 37 29 20 33 2D 30 2D 30 30 2D 30 34 20 30 30 63 30 66 66 31 35 37 62 63 36 30 30 30 30 61 65 36 64 39 33 35 31 30 31 30 30 30 30 30 30 [00 A0 00 00 40 00 00 00 00 00 00] (13:27:33;01.985)
0: C1 81 02                                  DD 81 4D 41 5C 30 00 00 00 00 00 00 00 00 01 [00 A0 00 00 40 00 00 00 00 00 00] (13:27:33;02.939)
0: C0 82                                     DD 81 4D 41 5C 31 00 00 00 00 00 00 00 00 82 [00 A0 00 00 40 00 00 00 00 00 00] (13:27:33;09.083)
0: C0 82                                     D0 81    [00 A0 00 00 40 00 00 00 00 00 00] (13:27:33;15.077)
0: CC 80 4D 41 5C 30 00 00 00 00 00 00 00 00 10 01    [00 A0 00 00 40 00 00 00 00 00 00] (13:27:33;21.072)
0: C1 C7 00                                  D8 C7 00 06 8F 08 00 06 8F 1B [00 A0 00 00 40 00 00 00 00 00 00] (13:27:33;27.066)
0: C1 C7 01                                  D8 C7 69 59 59 99 69 59 59 99 [00 A0 00 00 40 00 00 00 00 00 00] (13:27:34;03.060)
0: C1 C7 02                                  D8 C7 0F 3D 4C 6E 0F 3D 57 68 [00 A0 00 00 40 00 00 00 00 00 00] (13:27:34;09.054)
0: C1 C7 03                                  D4 C7 03 89 18 13 [00 A0 00 00 40 00 00 00 00 00 00] (13:27:34;15.048)
1: C1 C7 05                                  DA C7 63 43 19 97 11 43 31 20 97 11 [00 A0 00 00 40 00 00 00 00 00 00] (13:27:34;20.098)
1: C4 B1 00 00 00 40                         DF B1 01 53 [00 A0 00 00 40 00 00 00 00 00 00] (13:27:34;20.467)
0: C1 C7 05                                  DA C7 63 43 19 97 11 43 31 20 97 11 [00 A0 00 00 40 00 00 00 00 00 00] (13:27:34;21.043)
0: C1 C7 06                                  D4 C7 00 00 04 00 [00 A0 00 00 40 00 00 00 00 00 00] (13:27:34;27.039)
1: C4 B1 00 00 00 80                         DF B1 01 53 [00 A0 00 00 40 00 00 00 00 00 00] (13:27:34;29.102)
0: C1 C7 07                                  D4 C7 00 00 00 01 [00 A0 00 00 40 00 00 00 00 00 00] (13:27:35;03.031)
0: C4 B3 00 00 00 01                         D4 B3 00 00 00 00 [00 A0 00 00 40 00 00 00 00 00 00] (13:27:35;09.033)
1: C0 03                                     D0 03    [00 A0 00 00 40 00 00 00 00 00 00] (13:27:35;24.813)
0: C0 A9                                     DF A9 3A DD 07 06 00 04 00 06 00 0D 00 1A 00 25 00 A3 01 4F 70 65 6E 20 64 69 73 6B 5B 30 34 5D 2E 70 61 74 68 5B 30 5D 20 28 69 6E 74 3D 30 38 29 20 30 2D 30 2D 30 30 2D 30 30 20 1F [00 A0 00 00 40 00 00 00 00 00 00] (13:27:36;02.229)
1: C0 03                                     D0 03    [00 A0 00 00 40 00 00 00 00 00 00] (13:27:38;29.020)
0: C0 A9                                     DF A9 1F DD 07 06 00 04 00 06 00 0D 00 1A 00 25 00 A3 01 50 4C 41 54 46 4F 52 4D 5F 54 59 50 45 3D 35 [00 A0 00 00 40 00 00 00 00 00 00] (13:27:39;02.562)
1: C1 C7 05                                  DA C7 63 43 19 97 11 43 31 20 97 11 [00 A0 00 00 40 00 00 00 00 00 00] (13:27:39;24.540)
1: C4 B1 00 00 00 40                         DF B1 01 53 [00 A0 00 00 40 00 00 00 00 00 00] (13:27:40;29.076)
2: C4 B1 00 00 00 80                         DF B1 01 53 [00 A0 00 00 40 00 00 00 00 00 00] (13:27:40;29.079)
0: C0 A9                                     DF A9 27 DD 07 06 00 04 00 06 00 0D 00 1A 00 31 00 25 03 4C 6F 61 64 69 6E 67 20 46 74 64 32 78 78 2E 64 6C 6C 20 2E 2E 2E 2E [00 A0 00 00 40 00 00 00 00 00 00] (13:27:42;02.685)
1: C4 B1 00 00 00 80                         DF B1 01 53 [00 A0 00 00 40 00 00 00 00 00 00] (13:27:43;16.154)
2: C0 03                                     D0 03    [00 A0 00 00 40 00 00 00 00 00 00] (13:27:43;16.156)
1: C0 03                                     D0 03    [00 A0 00 00 40 00 00 00 00 00 00] (13:27:44;11.866)
0: C0 A9                                     DF A9 2F DD 07 06 00 04 00 06 00 0D 00 1A 00 31 00 25 03 45 6E 75 6D 65 72 61 74 69 6E 67 20 46 54 44 49 20 55 53 42 20 64 65 76 69 63 65 73 2E 2E 2E [00 A0 00 00 40 00 00 00 00 00 00] (13:27:45;02.958)
0: C4 B3 00 00 00 01                         D4 B3 00 00 00 01 [00 A0 00 00 40 00 00 00 00 00 00] (13:27:45;08.769)
0: C4 BD 00 00 00 01                         DF BD 18 00 00 00 00 00 00 00 00 00 00 00 00 00 00 00 00 00 00 00 00 00 00 00 00 [00 A0 00 00 40 00 00 00 00 00 00] (13:27:45;14.913)
0: C1 C7 08                                  D1 C7 00 [00 A0 00 00 40 00 00 00 00 00 00] (13:27:45;20.908)
0: CC 80 4D 41 5C 31 00 00 00 00 00 00 00 00 11 12 01 [00 A0 00 00 40 00 00 00 00 00 00] (13:27:45;26.902)
0: C4 BD 00 00 00 00                         DF BD 00 [00 A0 00 00 40 00 00 00 00 00 00] (13:27:46;02.896)
2: C0 03                                     D0 03    [00 A0 00 00 40 00 00 00 00 00 00] (13:27:46;03.473)
0: C1 C7 08                                  D1 C7 00 [00 A0 00 00 40 00 00 00 00 00 00] (13:27:46;08.890)
0: C1 A4 FF                                  D0 A4    [00 A0 00 00 40 00 00 00 00 00 00] (13:27:46;14.885)
2: C1 AC 05                                  10 01    [00 A0 00 00 40 00 00 00 00 00 00] (13:27:46;20.885)
1: C0 03                                     D0 03    [00 A0 00 00 40 00 00 00 00 00 00] (13:27:46;29.219)
2: C1 C7 05                                  DA C7 63 43 19 97 11 43 31 20 97 11 [00 A0 00 00 40 00 00 00 00 00 00] (13:27:47;16.063)
0: C0 A9                                     DF A9 2C DD 07 06 00 04 00 06 00 0D 00 1A 00 33 00 D1 00 53 74 6F 72 69 6E 67 20 64 65 76 69 63 65 20 41 42 34 5F 47 50 49 4F 20 41 2E 2E 2E [00 A0 00 00 40 00 00 00 00 00 00] (13:27:48;03.174)
1: C0 C2                                     D1 C2 00 [00 A0 00 00 40 00 00 00 00 00 00] (13:27:48;11.703)
2: C4 B1 00 00 00 40                         DF B1 01 53 [00 A0 00 00 40 00 00 00 00 00 00] (13:27:48;11.704)
1: C1 C7 05                                  DA C7 63 43 19 97 11 43 31 20 97 11 [00 A0 00 00 40 00 00 00 00 00 00] (13:27:50;03.230)
2: C4 B1 00 00 00 80                         DF B1 01 53 [00 A0 00 00 40 00 00 00 00 00 00] (13:27:50;03.232)
0: C0 A9                                     DF A9 4D DD 07 06 00 04 00 06 00 0D 00 1A 00 33 00 E1 00 41 42 34 5F 47 50 49 4F 20 41 2C 46 6C 61 67 73 3D 30 2C 54 79 70 65 3D 34 2C 49 44 3D 36 37 33 33 39 38 30 30 2C 4C 6F 63 49 64 3D 38 35 34 35 2C 53 4E 3D 46 54 50 47 4D 59 4C 58 41 [00 A0 00 00 40 00 00 00 00 00 00] (13:27:51;03.477)
1: C4 B1 00 00 00 40                         DF B1 01 53 [00 A0 00 00 40 00 00 00 00 00 00] (13:27:52;11.462)
2: C0 03                                     D0 03    [00 A0 00 00 40 00 00 00 00 00 00] (13:27:52;11.463)
1: C4 B1 00 00 00 80                         DF B1 01 53 [00 A0 00 00 40 00 00 00 00 00 00] (13:27:53;07.016)
1: C0 03                                     D0 03    [00 A0 00 00 40 00 00 00 00 00 00] (13:27:53;15.815)
2: C0 03                                     D0 03    [00 A0 00 00 40 00 00 00 00 00 00] (13:27:53;15.817)
0: C1 81 02                                  DD 81 4D 41 5C 30 00 00 00 00 00 00 00 00 01 [00 A0 00 00 40 00 00 00 00 00 00] (13:27:54;03.751)
0: C0 AC                                     D1 AC 00 [00 A0 00 00 40 00 00 00 00 00 00] (13:27:56;20.592)
0: C0 82                                     DD 81 4D 41 5C 31 00 00 00 00 00 00 00 00 82 [00 A0 00 00 40 00 00 00 00 00 00] (13:27:57;03.874)
0: C4 B1 00 00 00 40                         DF B1 01 53 [00 A0 00 00 40 00 00 00 00 00 00] (13:27:57;07.532)
1: C0 03                                     D0 03    [00 A0 00 00 40 00 00 00 00 00 00] (13:27:57;07.535)
2: C1 C7 05                                  DA C7 63 43 19 97 11 43 31 20 97 11 [00 A0 00 00 40 00 00 00 00 00 00] (13:27:57;07.536)
0: C4 B1 00 00 00 80                         DF B1 01 53 [00 A0 00 00 40 00 00 00 00 00 00] (13:27:57;07.575)
2: C4 B1 00 00 00 40                         DF B1 01 53 [00 A0 00 00 40 00 00 00 00 00 00] (13:27:57;07.577)
0: C0 A9                                     DF A9 2C DD 07 06 00 04 00 06 00 0D 00 1A 00 33 00 E1 00 53 74 6F 72 69 6E 67 20 64 65 76 69 63 65 20 41 42 34 5F 47 50 49 4F 20 42 2E 2E 2E [00 A0 00 00 40 00 00 00 00 00 00] (13:27:57;08.695)
0: C0 A9                                     DF A9 4D DD 07 06 00 04 00 06 00 0D 00 1A 00 33 00 E1 00 41 42 34 5F 47 50 49 4F 20 42 2C 46 6C 61 67 73 3D 30 2C 54 79 70 65 3D 34 2C 49 44 3D 36 37 33 33 39 38 30 30 2C 4C 6F 63 49 64 3D 38 35 34 36 2C 53 4E 3D 46 54 50 47 4D 59 4C 58 42 [00 A0 00 00 40 00 00 00 00 00 00] (13:27:57;14.690)
0: C0 A9                                     DF A9 41 DD 07 06 00 04 00 06 00 0D 00 1B 00 18 00 69 01 4E 65 74 3A 20 73 65 6D 20 30 20 68 69 73 74 20 20 20 36 20 20 30 20 20 30 20 20 30 20 20 30 20 20 30 20 20 30 20 20 30 20 20 30 20 20 30 20 20 30 [00 A0 00 00 40 00 00 00 00 00 00] (13:27:57;20.684)
0: C0 A9                                     DF A9 3A DD 07 06 00 04 00 06 00 0D 00 1B 00 1E 00 F4 01 53 41 56 45 5F 44 49 52 5F 43 4F 4D 50 4C 45 54 45 3A 30 20 45 72 72 6F 72 73 20 30 5B 30 5D 5B 30 5D 20 32 5B 30 5D 5B 31 5D [00 A0 00 00 40 00 00 00 00 00 00] (13:27:57;26.678)
0: C0 A9                                     DF A9 41 DD 07 06 00 04 00 06 00 0D 00 1B 00 36 00 92 01 4E 65 74 3A 20 73 65 6D 20 30 20 68 69 73 74 20 20 20 37 20 20 30 20 20 30 20 20 30 20 20 30 20 20 30 20 20 30 20 20 30 20 20 30 20 20 30 20 20 30 [00 A0 00 00 40 00 00 00 00 00 00] (13:27:58;02.672)
0: C0 A9                                     DF A9 00 [00 A0 00 00 40 00 00 00 00 00 00] (13:27:58;08.666)
0: C1 81 02                                  DD 81 4D 41 5C 30 00 00 00 00 00 00 00 00 01 [00 A0 00 00 40 00 00 00 00 00 00] (13:27:58;14.661)
0: C0 82                                     DD 81 4D 41 5C 31 00 00 00 00 00 00 00 00 82 [00 A0 00 00 40 00 00 00 00 00 00] (13:27:58;20.661)
0: C0 82                                     D0 81    [00 A0 00 00 40 00 00 00 00 00 00] (13:28:00;06.118)
0: C0 03                                     D0 03    [00 A0 00 00 40 00 00 00 00 00 00] (13:28:02;13.847)
1: C0 C0                                     D8 C0 13 0F 03 32 00 00 08 01 [00 A0 00 00 40 00 00 00 00 00 00] (13:28:02;13.849)
2: C4 B1 00 00 00 80                         DF B1 01 53 [00 A0 00 00 40 00 00 00 00 00 00] (13:28:02;13.850)
1: C1 C7 05                                  DA C7 63 43 19 97 11 43 31 20 97 11 [00 A0 00 00 40 00 00 00 00 00 00] (13:28:02;22.015)
2: C0 03                                     D0 03    [00 A0 00 00 40 00 00 00 00 00 00] (13:28:02;22.017)
0: C0 03                                     D0 03    [00 A0 00 00 40 00 00 00 00 00 00] (13:28:02;22.053)
1: C4 B1 00 00 00 40                         DF B1 01 53 [00 A0 00 00 40 00 00 00 00 00 00] (13:28:02;22.054)
0: CC 80 4D 41 5C 30 00 00 00 00 00 00 00 00 10 01    [00 A0 00 00 40 00 00 00 00 00 00] (13:28:03;06.333)
1: C4 B1 00 00 00 80                         DF B1 01 53 [00 A0 00 00 40 00 00 00 00 00 00] (13:28:05;01.005)
2: C0 C2                                     D1 C2 00 [00 A0 00 00 40 00 00 00 00 00 00] (13:28:05;01.007)
0: C1 C7 05                                  DA C7 63 43 19 97 11 43 31 20 97 11 [00 A0 00 00 40 00 00 00 00 00 00] (13:28:05;26.708)
2: C0 03                                     D0 03    [00 A0 00 00 40 00 00 00 00 00 00] (13:28:05;26.712)
0: C4 B1 00 00 00 40                         DF B1 01 53 [00 A0 00 00 40 00 00 00 00 00 00] (13:28:05;27.029)
1: C0 03                                     D0 03    [00 A0 00 00 40 00 00 00 00 00 00] (13:28:05;27.031)
0: C1 C7 00                                  D8 C7 00 06 8F 08 00 06 8F 1B [00 A0 00 00 40 00 00 00 00 00 00] (13:28:06;06.606)
0: C4 B1 00 00 00 80                         DF B1 01 53 [00 A0 00 00 40 00 00 00 00 00 00] (13:28:07;09.310)
1: C0 03                                     D0 03    [00 A0 00 00 40 00 00 00 00 00 00] (13:28:07;09.313)
2: C1 C7 05                                  DA C7 63 43 19 97 11 43 31 20 97 11 [00 A0 00 00 40 00 00 00 00 00 00] (13:28:07;09.315)
0: C0 03                                     D0 03    [00 A0 00 00 40 00 00 00 00 00 00] (13:28:07;18.414)
1: C0 C0                                     D8 C0 13 0F 03 32 00 00 08 01 [00 A0 00 00 40 00 00 00 00 00 00] (13:28:07;18.416)
2: C4 B1 00 00 00 40                         DF B1 01 53 [00 A0 00 00 40 00 00 00 00 00 00] (13:28:07;18.417)
2: C4 B1 00 00 00 80                         DF B1 01 53 [00 A0 00 00 40 00 00 00 00 00 00] (13:28:08;13.893)
0: C0 03                                     D0 03    [00 A0 00 00 40 00 00 00 00 00 00] (13:28:08;14.163)
1: C0 03                                     D0 03    [00 A0 00 00 40 00 00 00 00 00 00] (13:28:08;14.166)
2: C0 C0                                     D8 C0 13 0F 03 32 00 00 08 01 [00 A0 00 00 40 00 00 00 00 00 00] (13:28:08;14.168)
0: C0 82                                     D0 81    [00 A0 00 00 40 00 00 00 00 00 00] (13:28:08;22.369)
0: CC 80 4D 41 5C 30 00 00 00 00 00 00 00 00 10 01    [00 A0 00 00 40 00 00 00 00 00 00] (13:28:08;28.483)
0: C1 C7 00                                  D8 C7 00 06 8F 08 00 06 8F 1B [00 A0 00 00 40 00 00 00 00 00 00] (13:28:09;04.477)
0: C1 C7 01                                  D8 C7 69 59 59 99 69 59 59 99 [00 A0 00 00 40 00 00 00 00 00 00] (13:28:09;06.818)
0: C1 C7 01                                  D8 C7 69 59 59 99 69 59 59 99 [00 A0 00 00 40 00 00 00 00 00 00] (13:28:09;10.471)
0: C1 C7 02                                  D8 C7 0F 3D 4C 6E 0F 3D 57 68 [00 A0 00 00 40 00 00 00 00 00 00] (13:28:09;16.466)
0: C1 C7 05                                  DA C7 63 43 19 97 11 43 31 20 97 11 [00 A0 00 00 40 00 00 00 00 00 00] (13:28:09;17.658)
0: C1 4C 23                                  D0 4C    [00 A0 00 00 40 00 00 00 00 00 00] (13:28:09;17.659)
1: C0 03                                     D0 03    [00 A0 00 00 40 00 00 00 00 00 00] (13:28:09;17.664)
2: C0 03                                     D0 03    [00 A0 00 00 40 00 00 00 00 00 00] (13:28:09;17.665)
0: C1 4C 22                                  D0 4C    [00 A0 00 00 40 00 00 00 00 00 00] (13:28:09;17.724)
0: C1 C7 03                                  D4 C7 03 89 18 13 [00 A0 00 00 40 00 00 00 00 00 00] (13:28:09;22.460)
0: C1 C7 05                                  DA C7 63 43 19 97 11 43 31 20 97 11 [00 A0 00 00 40 00 00 00 00 00 00] (13:28:09;28.454)
0: C1 C7 06                                  D4 C7 00 00 04 00 [00 A0 00 00 40 00 00 00 00 00 00] (13:28:10;04.448)
0: C1 C7 07                                  D4 C7 00 00 00 02 [00 A0 00 00 40 00 00 00 00 00 00] (13:28:10;10.442)
0: C4 B3 00 00 00 02                         D4 B3 00 00 00 00 [00 A0 00 00 40 00 00 00 00 00 00] (13:28:10;16.438)
0: C4 B3 00 00 00 02                         D4 B3 00 00 00 00 [00 A0 00 00 40 00 00 00 00 00 00] (13:28:10;22.432)
0: C4 B3 00 00 00 02                         D4 B3 00 00 00 00 [00 A0 00 00 40 00 00 00 00 00 00] (13:28:10;28.432)
0: C4 B1 00 00 00 40                         DF B1 01 53 [00 A0 00 00 40 00 00 00 00 00 00] (13:28:11;18.087)
0: C1 4C 23                                  D0 4C    [00 A0 00 00 40 00 00 00 00 00 00] (13:28:11;18.089)
0: C1 4C 22                                  D0 4C    [00 A0 00 00 40 00 00 00 00 00 00] (13:28:12;04.895)
0: C4 B1 00 00 00 80                         DF B1 01 53 [00 A0 00 00 40 00 00 00 00 00 00] (13:28:12;04.903)
1: C0 03                                     D0 03    [00 A0 00 00 40 00 00 00 00 00 00] (13:28:12;04.907)
2: C0 03                                     D0 03    [00 A0 00 00 40 00 00 00 00 00 00] (13:28:12;04.910)
0: C1 C7 02                                  D8 C7 0F 3D 4C 6E 0F 3D 57 68 [00 A0 00 00 40 00 00 00 00 00 00] (13:28:12;07.153)
0: C0 03                                     D0 03    [00 A0 00 00 40 00 00 00 00 00 00] (13:28:13;18.206)
0: C0 A4                                     D4 A4 58 13 28 13 [00 A0 00 00 40 00 00 00 00 00 00] (13:28:13;18.209)
1: C0 C0                                     D8 C0 13 0F 03 32 00 00 08 01 [00 A0 00 00 40 00 00 00 00 00 00] (13:28:13;18.211)
2: C0 C0                                     D8 C0 13 0F 03 32 00 00 08 01 [00 A0 00 00 40 00 00 00 00 00 00] (13:28:13;18.215)
0: C1 C7 05                                  DA C7 63 43 19 97 11 43 31 20 97 11 [00 A0 00 00 40 00 00 00 00 00 00] (13:28:13;18.271)
1: C0 03                                     D0 03    [00 A0 00 00 40 00 00 00 00 00 00] (13:28:13;18.272)
2: C0 03                                     D0 03    [00 A0 00 00 40 00 00 00 00 00 00] (13:28:13;18.274)
0: C4 B1 00 00 00 40                         DF B1 01 53 [00 A0 00 00 40 00 00 00 00 00 00] (13:28:13;26.348)
0: C4 B1 00 00 00 80                         DF B1 01 53 [00 A0 00 00 40 00 00 00 00 00 00] (13:28:13;26.372)
0: C1 4C 23                                  D0 4C    [00 A0 00 00 40 00 00 00 00 00 00] (13:28:14;21.785)
0: C1 C7 03                                  D4 C7 03 89 18 13 [00 A0 00 00 40 00 00 00 00 00 00] (13:28:15;07.277)
0: C1 4C 22                                  D0 4C    [00 A0 00 00 40 00 00 00 00 00 00] (13:28:16;05.363)
0: C0 C2                                     D1 C2 00 [00 A0 00 00 40 00 00 00 00 00 00] (13:28:16;05.365)
1: C0 C0                                     D8 C0 13 0F 03 32 00 00 08 01 [00 A0 00 00 40 00 00 00 00 00 00] (13:28:16;05.369)
2: C0 C0                                     D8 C0 13 0F 03 32 00 00 08 01 [00 A0 00 00 40 00 00 00 00 00 00] (13:28:16;05.373)
0: C1 C7 05                                  DA C7 63 43 19 97 11 43 31 20 97 11 [00 A0 00 00 40 00 00 00 00 00 00] (13:28:18;07.610)
0: C1 C7 05                                  DA C7 63 43 19 97 11 43 31 20 97 11 [00 A0 00 00 40 00 00 00 00 00 00] (13:28:18;13.598)
0: C0 03                                     D0 03    [00 A0 00 00 40 00 00 00 00 00 00] (13:28:18;13.600)
0: C4 B3 00 00 00 02                         D4 B3 00 00 00 01 [00 A0 00 00 40 00 00 00 00 00 00] (13:28:20;28.170)
0: C4 BD 00 00 00 02                         DF BD 18 00 00 00 00 00 00 00 00 00 00 00 00 00 00 00 00 00 00 00 00 00 00 00 00 [00 A0 00 00 40 00 00 00 00 00 00] (13:28:21;04.283)
0: C1 C7 06                                  D4 C7 00 00 04 00 [00 A0 00 00 40 00 00 00 00 00 00] (13:28:21;07.793)
0: C1 C7 08                                  D1 C7 00 [00 A0 00 00 40 00 00 00 00 00 00] (13:28:21;10.277)
0: CC 80 4D 41 5C 31 00 00 00 00 00 00 00 00 11 12 01 [00 A0 00 00 40 00 00 00 00 00 00] (13:28:21;16.271)
0: C4 BD 00 00 00 00                         DF BD 00 [00 A0 00 00 40 00 00 00 00 00 00] (13:28:21;22.266)
0: C1 C7 08                                  D1 C7 00 [00 A0 00 00 40 00 00 00 00 00 00] (13:28:21;28.260)
0: C1 A4 FF                                  D0 A4    [00 A0 00 00 40 00 00 00 00 00 00] (13:28:22;04.255)
2: C1 AC 05                                  10 01    [00 A0 00 00 40 00 00 00 00 00 00] (13:28:22;10.254)
0: C1 4C 23                                  D0 4C    [00 A0 00 00 40 00 00 00 00 00 00] (13:28:23;26.767)
0: C4 B1 00 00 00 40                         DF B1 01 53 [00 A0 00 00 40 00 00 00 00 00 00] (13:28:23;26.876)
0: C1 4C 22                                  D0 4C    [00 A0 00 00 40 00 00 00 00 00 00] (13:28:23;26.877)
1: C0 C0                                     D8 C0 13 0F 03 32 00 00 08 01 [00 A0 00 00 40 00 00 00 00 00 00] (13:28:23;26.880)
2: C0 C0                                     D8 C0 13 0F 03 32 00 00 08 01 [00 A0 00 00 40 00 00 00 00 00 00] (13:28:23;26.883)
0: C1 C7 07                                  D4 C7 00 00 00 03 [00 A0 00 00 40 00 00 00 00 00 00] (13:28:24;07.977)
0: C1 4C 23                                  D0 4C    [00 A0 00 00 40 00 00 00 00 00 00] (13:28:24;22.419)
0: C4 B1 00 00 00 80                         DF B1 01 53 [00 A0 00 00 40 00 00 00 00 00 00] (13:28:24;22.428)
0: C1 4C 22                                  D0 4C    [00 A0 00 00 40 00 00 00 00 00 00] (13:28:24;22.633)
0: C4 B3 00 00 00 03                         D4 B3 00 00 00 00 [00 A0 00 00 40 00 00 00 00 00 00] (13:28:27;08.222)
0: C0 03                                     D0 03    [00 A0 00 00 40 00 00 00 00 00 00] (13:28:27;09.592)
0: C1 4C 23                                  D0 4C    [00 A0 00 00 40 00 00 00 00 00 00] (13:28:27;09.595)
0: C1 4C 23                                  D0 4C    [00 A0 00 00 40 00 00 00 00 00 00] (13:28:29;01.250)
2: C0 C0                                     D8 C0 13 0F 03 32 00 00 08 01 [00 A0 00 00 40 00 00 00 00 00 00] (13:28:29;01.258)
1: C0 C0                                     D8 C0 13 0F 03 32 00 00 08 01 [00 A0 00 00 40 00 00 00 00 00 00] (13:28:29;01.267)
0: C0 03                                     D0 03    [00 A0 00 00 40 00 00 00 00 00 00] (13:28:29;17.982)
1: C0 03                                     D0 03    [00 A0 00 00 40 00 00 00 00 00 00] (13:28:29;17.985)
2: C0 03                                     D0 03    [00 A0 00 00 40 00 00 00 00 00 00] (13:28:29;17.987)
0: C4 B3 00 00 00 03                         D4 B3 00 00 00 00 [00 A0 00 00 40 00 00 00 00 00 00] (13:28:30;08.555)
0: C0 C0                                     D8 C0 13 0F 03 32 00 00 08 01 [00 A0 00 00 40 00 00 00 00 00 00] (13:28:31;09.334)
1: C0 03                                     D0 03    [00 A0 00 00 40 00 00 00 00 00 00] (13:28:32;05.028)
2: C0 03                                     D0 03    [00 A0 00 00 40 00 00 00 00 00 00] (13:28:32;05.031)
0: C0 AC                                     D1 AC 00 [00 A0 00 00 40 00 00 00 00 00 00] (13:28:32;09.962)
0: C0 03                                     D0 03    [00 A0 00 00 40 00 00 00 00 00 00] (13:28:32;13.757)
0: C0 A9                                     DF A9 00 [00 A0 00 00 40 00 00 00 00 00 00] (13:28:32;28.066)
0: C1 81 02                                  DD 81 4D 41 5C 30 00 00 00 00 00 00 00 00 01 [00 A0 00 00 40 00 00 00 00 00 00] (13:28:33;04.060)
0: C4 B3 00 00 00 03                         D4 B3 00 00 00 00 [00 A0 00 00 40 00 00 00 00 00 00] (13:28:33;08.648)
0: C0 82                                     DD 81 4D 41 5C 31 00 00 00 00 00 00 00 00 82 [00 A0 00 00 40 00 00 00 00 00 00] (13:28:33;10.053)
0: C0 82                                     D0 81    [00 A0 00 00 40 00 00 00 00 00 00] (13:28:33;16.048)
0: C0 03                                     D0 03    [00 A0 00 00 40 00 00 00 00 00 00] (13:28:33;18.455)
0: C0 C2                                     D1 C2 00 [00 A0 00 00 40 00 00 00 00 00 00] (13:28:33;18.695)
0: C1 C7 05                                  DA C7 63 43 19 97 11 43 31 20 97 11 [00 A0 00 00 40 00 00 00 00 00 00] (13:28:33;18.696)
1: C1 C7 05                                  DA C7 63 43 19 97 11 43 31 20 97 11 [00 A0 00 00 40 00 00 00 00 00 00] (13:28:33;18.697)
2: C1 C7 05                                  DA C7 63 43 19 97 11 43 31 20 97 11 [00 A0 00 00 40 00 00 00 00 00 00] (13:28:33;18.698)
0: CC 80 4D 41 5C 30 00 00 00 00 00 00 00 00 10 01    [00 A0 00 00 40 00 00 00 00 00 00] (13:28:33;22.042)
0: C1 C7 00                                  D8 C7 00 06 8F 08 00 06 8F 1B [00 A0 00 00 40 00 00 00 00 00 00] (13:28:33;28.037)
0: C1 C7 01                                  D8 C7 69 59 59 99 69 59 59 99 [00 A0 00 00 40 00 00 00 00 00 00] (13:28:34;04.031)
0: C1 C7 02                                  D8 C7 0F 3D 4C 6E 0F 3D 57 68 [00 A0 00 00 40 00 00 00 00 00 00] (13:28:34;10.032)
0: C1 4C 22                                  D0 4C    [00 A0 00 00 40 00 00 00 00 00 00] (13:28:35;00.904)
0: C4 B1 00 00 00 40                         DF B1 01 53 [00 A0 00 00 40 00 00 00 00 00 00] (13:28:35;00.917)
0: C1 4C 23                                  D0 4C    [00 A0 00 00 40 00 00 00 00 00 00] (13:28:35;00.919)
1: C4 B1 00 00 00 40                         DF B1 01 53 [00 A0 00 00 40 00 00 00 00 00 00] (13:28:35;00.920)
2: C4 B1 00 00 00 40                         DF B1 01 53 [00 A0 00 00 40 00 00 00 00 00 00] (13:28:35;00.921)
0: C4 B1 00 00 00 80                         DF B1 01 53 [00 A0 00 00 40 00 00 00 00 00 00] (13:28:36;05.603)
0: C0 03                                     D0 03    [00 A0 00 00 40 00 00 00 00 00 00] (13:28:36;05.604)
1: C4 B1 00 00 00 80                         DF B1 01 53 [00 A0 00 00 40 00 00 00 00 00 00] (13:28:36;05.605)
2: C4 B1 00 00 00 80                         DF B1 01 53 [00 A0 00 00 40 00 00 00 00 00 00] (13:28:36;05.606)
0: C4 B3 00 00 00 03                         D4 B3 00 00 00 01 [00 A0 00 00 40 00 00 00 00 00 00] (13:28:36;13.212)
0: C0 C0                                     D8 C0 13 0F 03 32 00 00 08 01 [00 A0 00 00 40 00 00 00 00 00 00] (13:28:37;18.233)
0: C1 4C 22                                  D0 4C    [00 A0 00 00 40 00 00 00 00 00 00] (13:28:37;18.235)
1: C0 C0                                     D8 C0 13 0F 03 32 00 00 08 01 [00 A0 00 00 40 00 00 00 00 00 00] (13:28:37;18.236)
2: C0 C0                                     D8 C0 13 0F 03 32 00 00 08 01 [00 A0 00 00 40 00 00 00 00 00 00] (13:28:37;18.241)
0: C1 4C 23                                  D0 4C    [00 A0 00 00 40 00 00 00 00 00 00] (13:28:38;13.845)
0: C1 4C 22                                  D0 4C    [00 A0 00 00 40 00 00 00 00 00 00] (13:28:38;13.865)
0: C4 BD 00 00 00 03                         DF BD 18 00 00 00 00 00 00 00 00 00 00 00 00 00 00 00 00 00 00 00 00 00 00 00 00 [00 A0 00 00 40 00 00 00 00 00 00] (13:28:39;09.137)
0: C0 03                                     D0 03    [00 A0 00 00 40 00 00 00 00 00 00] (13:28:39;09.838)
1: C0 03                                     D0 03    [00 A0 00 00 40 00 00 00 00 00 00] (13:28:39;09.840)
2: C0 03                                     D0 03    [00 A0 00 00 40 00 00 00 00 00 00] (13:28:39;09.843)
0: C1 4C 23                                  D0 4C    [00 A0 00 00 40 00 00 00 00 00 00] (13:28:39;26.639)
0: C1 4C 22                                  D0 4C    [00 A0 00 00 40 00 00 00 00 00 00] (13:28:42;05.515)
0: C0 03                                     D0 03    [00 A0 00 00 40 00 00 00 00 00 00] (13:28:42;05.760)
0: C1 C7 08                                  D1 C7 00 [00 A0 00 00 40 00 00 00 00 00 00] (13:28:42;09.381)
0: C0 C0                                     D8 C0 13 0F 03 32 00 00 08 01 [00 A0 00 00 40 00 00 00 00 00 00] (13:28:42;22.407)
1: C0 C0                                     D8 C0 13 0F 03 32 00 00 08 01 [00 A0 00 00 40 00 00 00 00 00 00] (13:28:42;22.410)
2: C0 C0                                     D8 C0 13 0F 03 32 00 00 08 01 [00 A0 00 00 40 00 00 00 00 00 00] (13:28:42;22.414)
0: C1 4C 23                                  D0 4C    [00 A0 00 00 40 00 00 00 00 00 00] (13:28:43;27.145)
0: C1 4C 22                                  D0 4C    [00 A0 00 00 40 00 00 00 00 00 00] (13:28:43;27.203)
0: C1 C7 03                                  D4 C7 03 89 18 13 [00 A0 00 00 40 00 00 00 00 00 00] (13:28:44;09.739)
0: C1 C7 05                                  DA C7 63 43 19 97 11 43 31 20 97 11 [00 A0 00 00 40 00 00 00 00 00 00] (13:28:44;15.852)
0: C1 C7 06                                  D4 C7 00 00 04 00 [00 A0 00 00 40 00 00 00 00 00 00] (13:28:44;21.847)
0: C0 03                                     D0 03    [00 A0 00 00 40 00 00 00 00 00 00] (13:28:44;22.815)
0: C0 A4                                     D4 A4 62 44 28 13 [00 A0 00 00 40 00 00 00 00 00 00] (13:28:44;22.817)
1: C0 03                                     D0 03    [00 A0 00 00 40 00 00 00 00 00 00] (13:28:44;22.818)
2: C0 03                                     D0 03    [00 A0 00 00 40 00 00 00 00 00 00] (13:28:44;22.821)
0: C0 03                                     D0 03    [00 A0 00 00 40 00 00 00 00 00 00] (13:28:44;22.926)
0: C1 C7 05                                  DA C7 63 43 19 97 11 43 31 20 97 11 [00 A0 00 00 40 00 00 00 00 00 00] (13:28:44;22.927)
1: C0 03                                     D0 03    [00 A0 00 00 40 00 00 00 00 00 00] (13:28:44;22.928)
2: C0 03                                     D0 03    [00 A0 00 00 40 00 00 00 00 00 00] (13:28:44;22.929)
0: C4 B1 00 00 00 40                         DF B1 01 53 [00 A0 00 00 40 00 00 00 00 00 00] (13:28:44;22.957)
0: C1 C7 07                                  D4 C7 00 00 00 04 [00 A0 00 00 40 00 00 00 00 00 00] (13:28:44;27.841)
0: C4 B3 00 00 00 04                         D4 B3 00 00 00 00 [00 A0 00 00 40 00 00 00 00 00 00] (13:28:45;03.836)
0: CC 80 4D 41 5C 31 00 00 00 00 00 00 00 00 11 12 01 [00 A0 00 00 40 00 00 00 00 00 00] (13:28:45;09.626)
0: C4 B1 00 00 00 80                         DF B1 01 53 [00 A0 00 00 40 00 00 00 00 00 00] (13:28:45;09.724)
0: C4 B3 00 00 00 04                         D4 B3 00 00 00 00 [00 A0 00 00 40 00 00 00 00 00 00] (13:28:45;09.829)
0: C4 B3 00 00 00 04                         D4 B3 00 00 00 00 [00 A0 00 00 40 00 00 00 00 00 00] (13:28:45;15.824)
0: C4 B3 00 00 00 04                         D4 B3 00 00 00 00 [00 A0 00 00 40 00 00 00 00 00 00] (13:28:45;21.819)
0: C4 B3 00 00 00 04                         D4 B3 00 00 00 00 [00 A0 00 00 40 00 00 00 00 00 00] (13:28:45;27.813)
0: C4 B3 00 00 00 04                         D4 B3 00 00 00 00 [00 A0 00 00 40 00 00 00 00 00 00] (13:28:46;03.807)
0: C1 4C 23                                  D0 4C    [00 A0 00 00 40 00 00 00 00 00 00] (13:28:46;05.488)
0: C4 B3 00 00 00 04                         D4 B3 00 00 00 00 [00 A0 00 00 40 00 00 00 00 00 00] (13:28:46;09.801)
0: C4 B3 00 00 00 04                         D4 B3 00 00 00 00 [00 A0 00 00 40 00 00 00 00 00 00] (13:28:46;15.802)
0: C4 BD 00 00 00 00                         DF BD 00 [00 A0 00 00 40 00 00 00 00 00 00] (13:28:48;09.868)
0: C1 4C 22                                  D0 4C    [00 A0 00 00 40 00 00 00 00 00 00] (13:28:48;22.459)
0: C0 C0                                     D8 C0 13 0F 03 32 00 00 08 01 [00 A0 00 00 40 00 00 00 00 00 00] (13:28:48;22.523)
0: C1 4C 23                                  D0 4C    [00 A0 00 00 40 00 00 00 00 00 00] (13:28:48;22.524)
1: C0 C0                                     D8 C0 13 0F 03 32 00 00 08 01 [00 A0 00 00 40 00 00 00 00 00 00] (13:28:48;22.527)
2: C0 C0                                     D8 C0 13 0F 03 32 00 00 08 01 [00 A0 00 00 40 00 00 00 00 00 00] (13:28:48;22.531)
0: C1 4C 22                                  D0 4C    [00 A0 00 00 40 00 00 00 00 00 00] (13:28:51;00.618)
0: C1 4C 23                                  D0 4C    [00 A0 00 00 40 00 00 00 00 00 00] (13:28:51;00.846)
0: C1 C7 08                                  D1 C7 00 [00 A0 00 00 40 00 00 00 00 00 00] (13:28:51;10.083)
0: C0 03                                     D0 03    [00 A0 00 00 40 00 00 00 00 00 00] (13:28:51;26.641)
0: C1 4C 22                                  D0 4C    [00 A0 00 00 40 00 00 00 00 00 00] (13:28:51;26.644)
1: C0 03                                     D0 03    [00 A0 00 00 40 00 00 00 00 00 00] (13:28:51;26.649)
2: C0 03                                     D0 03    [00 A0 00 00 40 00 00 00 00 00 00] (13:28:51;26.652)
0: C0 03                                     D0 03    [00 A0 00 00 40 00 00 00 00 00 00] (13:28:53;10.021)
0: C1 A4 FF                                  D0 A4    [00 A0 00 00 40 00 00 00 00 00 00] (13:28:54;10.329)
0: C0 C0                                     D8 C0 13 0F 03 32 00 00 08 01 [00 A0 00 00 40 00 00 00 00 00 00] (13:28:54;13.799)
1: C0 C0                                     D8 C0 13 0F 03 32 00 00 08 01 [00 A0 00 00 40 00 00 00 00 00 00] (13:28:54;13.804)
2: C0 C0                                     D8 C0 13 0F 03 32 00 00 08 01 [00 A0 00 00 40 00 00 00 00 00 00] (13:28:54;13.808)
0: C1 4C 23                                  D0 4C    [00 A0 00 00 40 00 00 00 00 00 00] (13:28:56;14.051)
0: C1 4C 22                                  D0 4C    [00 A0 00 00 40 00 00 00 00 00 00] (13:28:56;14.067)
0: C4 B3 00 00 00 04                         D4 B3 00 00 00 01 [00 A0 00 00 40 00 00 00 00 00 00] (13:28:56;15.539)
0: C4 BD 00 00 00 04                         DF BD 18 00 00 00 00 00 00 00 00 00 00 00 00 00 00 00 00 00 00 00 00 00 00 00 00 [00 A0 00 00 40 00 00 00 00 00 00] (13:28:56;21.684)
0: C1 C7 08                                  D1 C7 00 [00 A0 00 00 40 00 00 00 00 00 00] (13:28:56;27.677)
0: CC 80 4D 41 5C 31 00 00 00 00 00 00 00 00 11 12 01 [00 A0 00 00 40 00 00 00 00 00 00] (13:28:57;03.672)
0: C0 03                                     D0 03    [00 A0 00 00 40 00 00 00 00 00 00] (13:28:57;09.465)
0: C1 4C 23                                  D0 4C    [00 A0 00 00 40 00 00 00 00 00 00] (13:28:57;09.466)
1: C0 03                                     D0 03    [00 A0 00 00 40 00 00 00 00 00 00] (13:28:57;09.467)
2: C0 03                                     D0 03    [00 A0 00 00 40 00 00 00 00 00 00] (13:28:57;09.470)
0: C4 BD 00 00 00 00                         DF BD 00 [00 A0 00 00 40 00 00 00 00 00 00] (13:28:57;09.666)
0: C1 4C 22                                  D0 4C    [00 A0 00 00 40 00 00 00 00 00 00] (13:28:57;09.706)
2: C1 AC 05                                  10 01    [00 A0 00 00 40 00 00 00 00 00 00] (13:28:57;10.569)
0: C1 C7 08                                  D1 C7 00 [00 A0 00 00 40 00 00 00 00 00 00] (13:28:57;15.660)
0: C1 A4 FF                                  D0 A4    [00 A0 00 00 40 00 00 00 00 00 00] (13:28:57;21.655)
2: C1 AC 05                                  10 01    [00 A0 00 00 40 00 00 00 00 00 00] (13:28:57;27.654)
0: C1 4C 23                                  D0 4C    [00 A0 00 00 40 00 00 00 00 00 00] (13:28:58;13.904)
0: C1 4C 22                                  D0 4C    [00 A0 00 00 40 00 00 00 00 00 00] (13:28:58;14.223)
0: C0 03                                     D0 03    [00 A0 00 00 40 00 00 00 00 00 00] (13:28:58;14.230)
1: C0 03                                     D0 03    [00 A0 00 00 40 00 00 00 00 00 00] (13:28:58;14.233)
2: C0 03                                     D0 03    [00 A0 00 00 40 00 00 00 00 00 00] (13:28:58;14.236)
0: C1 4C 23                                  D0 4C    [00 A0 00 00 40 00 00 00 00 00 00] (13:28:59;01.070)
0: C0 AC                                     D1 AC 00 [00 A0 00 00 40 00 00 00 00 00 00] (13:29:00;12.753)
0: C0 C0                                     D8 C0 13 0F 03 32 00 00 08 01 [00 A0 00 00 40 00 00 00 00 00 00] (13:29:01;11.287)
0: C0 C0                                     D8 C0 13 0F 03 32 00 00 08 01 [00 A0 00 00 40 00 00 00 00 00 00] (13:29:01;11.289)
1: C0 C0                                     D8 C0 13 0F 03 32 00 00 08 01 [00 A0 00 00 40 00 00 00 00 00 00] (13:29:01;11.292)
2: C0 C0                                     D8 C0 13 0F 03 32 00 00 08 01 [00 A0 00 00 40 00 00 00 00 00 00] (13:29:01;11.294)
0: C1 4C 22                                  D0 4C    [00 A0 00 00 40 00 00 00 00 00 00] (13:29:01;11.339)
0: C0 03                                     D0 03    [00 A0 00 00 40 00 00 00 00 00 00] (13:29:01;11.473)
0: C0 03                                     D0 03    [00 A0 00 00 40 00 00 00 00 00 00] (13:29:01;11.474)
1: C0 03                                     D0 03    [00 A0 00 00 40 00 00 00 00 00 00] (13:29:01;11.475)
2: C0 03                                     D0 03    [00 A0 00 00 40 00 00 00 00 00 00] (13:29:01;11.476)
0: C1 4C 23                                  D0 4C    [00 A0 00 00 40 00 00 00 00 00 00] (13:29:03;20.514)
0: C0 A4                                     D4 A4 60 03 29 13 [00 A0 00 00 40 00 00 00 00 00 00] (13:29:03;20.629)
0: C1 C7 05                                  DA C7 63 43 19 97 11 43 31 20 97 11 [00 A0 00 00 40 00 00 00 00 00 00] (13:29:03;20.631)
1: C1 C7 05                                  DA C7 63 43 19 97 11 43 31 20 97 11 [00 A0 00 00 40 00 00 00 00 00 00] (13:29:03;20.632)
2: C1 C7 05                                  DA C7 63 43 19 97 11 43 31 20 97 11 [00 A0 00 00 40 00 00 00 00 00 00] (13:29:03;20.633)
1: C4 B1 00 00 00 40                         DF B1 01 53 [00 A0 00 00 40 00 00 00 00 00 00] (13:29:04;16.270)
2: C4 B1 00 00 00 40                         DF B1 01 53 [00 A0 00 00 40 00 00 00 00 00 00] (13:29:04;16.273)
0: C4 B1 00 00 00 40                         DF B1 01 53 [00 A0 00 00 40 00 00 00 00 00 00] (13:29:04;16.274)
0: C1 C7 05                                  DA C7 63 43 19 97 11 43 31 20 97 11 [00 A0 00 00 40 00 00 00 00 00 00] (13:29:04;16.274)
0: C4 B1 00 00 00 40                         DF B1 01 53 [00 A0 00 00 40 00 00 00 00 00 00] (13:29:06;07.597)
2: C4 B1 00 00 00 80                         DF B1 01 53 [00 A0 00 00 40 00 00 00 00 00 00] (13:29:06;07.599)
0: C4 B1 00 00 00 80                         DF B1 01 53 [00 A0 00 00 40 00 00 00 00 00 00] (13:29:06;07.606)
1: C4 B1 00 00 00 80                         DF B1 01 53 [00 A0 00 00 40 00 00 00 00 00 00] (13:29:06;07.608)
0: C4 B1 00 00 00 80                         DF B1 01 53 [00 A0 00 00 40 00 00 00 00 00 00] (13:29:06;07.832)
0: C0 C0                                     D8 C0 13 0F 03 32 00 00 08 01 [00 A0 00 00 40 00 00 00 00 00 00] (13:29:07;20.141)
0: C1 4C 22                                  D0 4C    [00 A0 00 00 40 00 00 00 00 00 00] (13:29:07;20.143)
1: C0 C0                                     D8 C0 13 0F 03 32 00 00 08 01 [00 A0 00 00 40 00 00 00 00 00 00] (13:29:07;20.144)
2: C0 C0                                     D8 C0 13 0F 03 32 00 00 08 01 [00 A0 00 00 40 00 00 00 00 00 00] (13:29:07;20.148)
0: C0 AC                                     D1 AC 00 [00 A0 00 00 40 00 00 00 00 00 00] (13:29:07;29.363)
0: C0 A9                                     DF A9 00 [00 A0 00 00 40 00 00 00 00 00 00] (13:29:08;17.466)
0: C1 81 02                                  DD 81 4D 41 5C 30 00 00 00 00 00 00 00 00 01 [00 A0 00 00 40 00 00 00 00 00 00] (13:29:08;23.460)
0: C0 82                                     DD 81 4D 41 5C 31 00 00 00 00 00 00 00 00 82 [00 A0 00 00 40 00 00 00 00 00 00] (13:29:08;29.454)
0: C0 82                                     D0 81    [00 A0 00 00 40 00 00 00 00 00 00] (13:29:09;05.448)
0: CC 80 4D 41 5C 30 00 00 00 00 00 00 00 00 10 01    [00 A0 00 00 40 00 00 00 00 00 00] (13:29:09;11.443)
0: C0 A9                                     DF A9 00 [00 A0 00 00 40 00 00 00 00 00 00] (13:29:09;13.454)
0: C1 C7 00                                  D8 C7 00 06 8F 08 00 06 8F 1B [00 A0 00 00 40 00 00 00 00 00 00] (13:29:09;17.437)
0: C1 C7 01                                  D8 C7 69 59 59 99 69 59 59 99 [00 A0 00 00 40 00 00 00 00 00 00] (13:29:09;23.431)
0: C1 4C 23                                  D0 4C    [00 A0 00 00 40 00 00 00 00 00 00] (13:29:09;28.376)
0: C0 C0                                     D8 C0 13 0F 03 32 00 00 08 01 [00 A0 00 00 40 00 00 00 00 00 00] (13:29:09;28.399)
0: C1 C7 02                                  D8 C7 0F 3D 4C 6E 0F 3D 57 68 [00 A0 00 00 40 00 00 00 00 00 00] (13:29:09;29.430)
0: C1 4C 22                                  D0 4C    [00 A0 00 00 40 00 00 00 00 00 00] (13:29:12;07.748)
0: C1 81 02                                  DD 81 4D 41 5C 30 00 00 00 00 00 00 00 00 01 [00 A0 00 00 40 00 00 00 00 00 00] (13:29:12;13.818)
0: C0 C0                                     D8 C0 13 0F 03 32 00 00 08 01 [00 A0 00 00 40 00 00 00 00 00 00] (13:29:14;24.599)
1: C0 C0                                     D8 C0 13 0F 03 32 00 00 08 01 [00 A0 00 00 40 00 00 00 00 00 00] (13:29:14;24.606)
2: C0 C0                                     D8 C0 13 0F 03 32 00 00 08 01 [00 A0 00 00 40 00 00 00 00 00 00] (13:29:14;24.608)
0: C1 4C 23                                  D0 4C    [00 A0 00 00 40 00 00 00 00 00 00] (13:29:14;24.907)
0: C0 82                                     DD 81 4D 41 5C 31 00 00 00 00 00 00 00 00 82 [00 A0 00 00 40 00 00 00 00 00 00] (13:29:15;13.977)
0: C0 C0                                     D8 C0 13 0F 03 32 00 00 08 01 [00 A0 00 00 40 00 00 00 00 00 00] (13:29:17;28.648)
0: C0 82                                     D0 81    [00 A0 00 00 40 00 00 00 00 00 00] (13:29:18;14.275)
0: C1 4C 22                                  D0 4C    [00 A0 00 00 40 00 00 00 00 00 00] (13:29:18;24.356)
0: C0 03                                     D0 03    [00 A0 00 00 40 00 00 00 00 00 00] (13:29:18;24.362)
1: C0 03                                     D0 03    [00 A0 00 00 40 00 00 00 00 00 00] (13:29:18;24.364)
2: C0 03                                     D0 03    [00 A0 00 00 40 00 00 00 00 00 00] (13:29:18;24.365)
0: C0 03                                     D0 03    [00 A0 00 00 40 00 00 00 00 00 00] (13:29:18;24.402)
0: C0 C0                                     D8 C0 13 0F 03 32 00 00 08 01 [00 A0 00 00 40 00 00 00 00 00 00] (13:29:19;28.760)
1: C0 C0                                     D8 C0 13 0F 03 32 00 00 08 01 [00 A0 00 00 40 00 00 00 00 00 00] (13:29:19;28.765)
2: C0 C0                                     D8 C0 13 0F 03 32 00 00 08 01 [00 A0 00 00 40 00 00 00 00 00 00] (13:29:19;28.769)
0: C1 4C 23                                  D0 4C    [00 A0 00 00 40 00 00 00 00 00 00] (13:29:19;29.070)
0: C1 C7 03                                  D4 C7 03 89 18 13 [00 A0 00 00 40 00 00 00 00 00 00] (13:29:19;29.138)
0: C1 C7 05                                  DA C7 63 43 19 97 11 43 31 20 97 11 [00 A0 00 00 40 00 00 00 00 00 00] (13:29:20;05.252)
0: C1 C7 06                                  D4 C7 00 00 04 00 [00 A0 00 00 40 00 00 00 00 00 00] (13:29:20;11.246)
0: C0 03                                     D0 03    [00 A0 00 00 40 00 00 00 00 00 00] (13:29:20;15.957)
0: C0 03                                     D0 03    [00 A0 00 00 40 00 00 00 00 00 00] (13:29:20;15.961)
1: C0 03                                     D0 03    [00 A0 00 00 40 00 00 00 00 00 00] (13:29:20;15.965)
2: C0 03                                     D0 03    [00 A0 00 00 40 00 00 00 00 00 00] (13:29:20;15.968)
0: C1 C7 07                                  D4 C7 00 00 00 05 [00 A0 00 00 40 00 00 00 00 00 00] (13:29:20;17.241)
0: C4 B3 00 00 00 05                         D4 B3 00 00 00 00 [00 A0 00 00 40 00 00 00 00 00 00] (13:29:20;23.236)
0: C4 B3 00 00 00 05                         D4 B3 00 00 00 00 [00 A0 00 00 40 00 00 00 00 00 00] (13:29:20;29.230)
0: C4 B3 00 00 00 05                         D4 B3 00 00 00 00 [00 A0 00 00 40 00 00 00 00 00 00] (13:29:21;05.225)
0: C4 B3 00 00 00 05                         D4 B3 00 00 00 00 [00 A0 00 00 40 00 00 00 00 00 00] (13:29:21;11.219)
0: CC 80 4D 41 5C 30 00 00 00 00 00 00 00 00 10 01    [00 A0 00 00 40 00 00 00 00 00 00] (13:29:21;14.399)
0: C4 B3 00 00 00 05                         D4 B3 00 00 00 00 [00 A0 00 00 40 00 00 00 00 00 00] (13:29:21;17.213)
0: C4 B3 00 00 00 05                         D4 B3 00 00 00 00 [00 A0 00 00 40 00 00 00 00 00 00] (13:29:21;23.207)
0: C4 B3 00 00 00 05                         D4 B3 00 00 00 00 [00 A0 00 00 40 00 00 00 00 00 00] (13:29:21;29.201)
0: C4 B3 00 00 00 05                         D4 B3 00 00 00 00 [00 A0 00 00 40 00 00 00 00 00 00] (13:29:22;05.202)
0: C1 C7 00                                  D8 C7 00 06 8F 08 00 06 8F 1B [00 A0 00 00 40 00 00 00 00 00 00] (13:29:24;14.614)
0: C1 4C 22                                  D0 4C    [00 A0 00 00 40 00 00 00 00 00 00] (13:29:24;15.693)
0: C0 C0                                     D8 C0 13 0F 03 32 00 00 08 01 [00 A0 00 00 40 00 00 00 00 00 00] (13:29:25;03.209)
0: C0 C0                                     D8 C0 13 0F 03 32 00 00 08 01 [00 A0 00 00 40 00 00 00 00 00 00] (13:29:25;03.211)
1: C0 C0                                     D8 C0 13 0F 03 32 00 00 08 01 [00 A0 00 00 40 00 00 00 00 00 00] (13:29:25;03.215)
2: C0 C0                                     D8 C0 13 0F 03 32 00 00 08 01 [00 A0 00 00 40 00 00 00 00 00 00] (13:29:25;03.217)
0: C1 4C 23                                  D0 4C    [00 A0 00 00 40 00 00 00 00 00 00] (13:29:26;24.905)
0: C1 C7 01                                  D8 C7 69 59 59 99 69 59 59 99 [00 A0 00 00 40 00 00 00 00 00 00] (13:29:27;14.917)
0: C0 03                                     D0 03    [00 A0 00 00 40 00 00 00 00 00 00] (13:29:27;20.500)
0: C0 03                                     D0 03    [00 A0 00 00 40 00 00 00 00 00 00] (13:29:27;20.502)
1: C0 03                                     D0 03    [00 A0 00 00 40 00 00 00 00 00 00] (13:29:27;20.503)
2: C0 03                                     D0 03    [00 A0 00 00 40 00 00 00 00 00 00] (13:29:27;20.506)
0: C1 4C 22                                  D0 4C    [00 A0 00 00 40 00 00 00 00 00 00] (13:29:27;20.626)
0: C1 C7 02                                  D8 C7 0F 3D 4C 6E 0F 3D 57 68 [00 A0 00 00 40 00 00 00 00 00 00] (13:29:30;15.161)
0: C1 4C 23                                  D0 4C    [00 A0 00 00 40 00 00 00 00 00 00] (13:29:31;11.257)
0: C0 C0                                     D8 C0 13 0F 03 32 00 00 08 01 [00 A0 00 00 40 00 00 00 00 00 00] (13:29:31;11.275)
0: C0 C0                                     D8 C0 13 0F 03 32 00 00 08 01 [00 A0 00 00 40 00 00 00 00 00 00] (13:29:31;11.277)
1: C0 C0                                     D8 C0 13 0F 03 32 00 00 08 01 [00 A0 00 00 40 00 00 00 00 00 00] (13:29:31;11.281)
2: C0 C0                                     D8 C0 13 0F 03 32 00 00 08 01 [00 A0 00 00 40 00 00 00 00 00 00] (13:29:31;11.285)
0: C4 B3 00 00 00 05                         D4 B3 00 00 00 01 [00 A0 00 00 40 00 00 00 00 00 00] (13:29:32;04.939)
0: C4 BD 00 00 00 05                         DF BD 18 00 00 00 00 00 00 00 00 00 00 00 00 00 00 00 00 00 00 00 00 00 00 00 00 [00 A0 00 00 40 00 00 00 00 00 00] (13:29:32;11.053)
0: C1 C7 08                                  D1 C7 00 [00 A0 00 00 40 00 00 00 00 00 00] (13:29:32;17.047)
0: CC 80 4D 41 5C 31 00 00 00 00 00 00 00 00 11 12 01 [00 A0 00 00 40 00 00 00 00 00 00] (13:29:32;23.041)
0: C4 BD 00 00 00 00                         DF BD 00 [00 A0 00 00 40 00 00 00 00 00 00] (13:29:32;29.035)
0: C1 C7 08                                  D1 C7 00 [00 A0 00 00 40 00 00 00 00 00 00] (13:29:33;05.030)
0: C1 A4 FF                                  D0 A4    [00 A0 00 00 40 00 00 00 00 00 00] (13:29:33;11.024)
0: C1 C7 03                                  D4 C7 03 89 18 13 [00 A0 00 00 40 00 00 00 00 00 00] (13:29:33;15.315)
2: C1 AC 05                                  10 01    [00 A0 00 00 40 00 00 00 00 00 00] (13:29:33;17.024)
0: C1 4C 22                                  D0 4C    [00 A0 00 00 40 00 00 00 00 00 00] (13:29:33;20.633)
0: C1 C7 05                                  DA C7 63 43 19 97 11 43 31 20 97 11 [00 A0 00 00 40 00 00 00 00 00 00] (13:29:36;15.559)
0: C1 C7 06                                  D4 C7 00 00 04 00 [00 A0 00 00 40 00 00 00 00 00 00] (13:29:39;15.802)
0: C0 A4                                     D4 A4 68 41 29 13 [00 A0 00 00 40 00 00 00 00 00 00] (13:29:41;28.817)
0: C1 C7 05                                  DA C7 63 43 19 97 11 43 31 20 97 11 [00 A0 00 00 40 00 00 00 00 00 00] (13:29:41;28.819)
1: C1 C7 05                                  DA C7 63 43 19 97 11 43 31 20 97 11 [00 A0 00 00 40 00 00 00 00 00 00] (13:29:41;28.822)
2: C1 C7 05                                  DA C7 63 43 19 97 11 43 31 20 97 11 [00 A0 00 00 40 00 00 00 00 00 00] (13:29:41;28.824)
0: C4 B1 00 00 00 40                         DF B1 01 53 [00 A0 00 00 40 00 00 00 00 00 00] (13:29:41;28.873)
0: C1 C7 05                                  DA C7 63 43 19 97 11 43 31 20 97 11 [00 A0 00 00 40 00 00 00 00 00 00] (13:29:41;28.874)
1: C4 B1 00 00 00 40                         DF B1 01 53 [00 A0 00 00 40 00 00 00 00 00 00] (13:29:41;28.875)
2: C4 B1 00 00 00 40                         DF B1 01 53 [00 A0 00 00 40 00 00 00 00 00 00] (13:29:41;28.876)
0: C1 C7 07                                  D4 C7 00 00 00 06 [00 A0 00 00 40 00 00 00 00 00 00] (13:29:42;16.136)
0: C4 B1 00 00 00 80                         DF B1 01 53 [00 A0 00 00 40 00 00 00 00 00 00] (13:29:42;24.359)
0: C4 B1 00 00 00 40                         DF B1 01 53 [00 A0 00 00 40 00 00 00 00 00 00] (13:29:42;24.361)
1: C4 B1 00 00 00 80                         DF B1 01 53 [00 A0 00 00 40 00 00 00 00 00 00] (13:29:42;24.361)
2: C4 B1 00 00 00 80                         DF B1 01 53 [00 A0 00 00 40 00 00 00 00 00 00] (13:29:42;24.362)
0: C4 B1 00 00 00 80                         DF B1 01 53 [00 A0 00 00 40 00 00 00 00 00 00] (13:29:42;24.579)
0: C0 AC                                     D1 AC 00 [00 A0 00 00 40 00 00 00 00 00 00] (13:29:43;16.733)
0: C0 A9                                     DF A9 35 DD 07 06 00 04 00 06 00 0D 00 1D 00 13 00 27 02 53 45 52 4C 6F 75 74 68 3A 20 31 30 30 31 2C 39 2C 30 2C 32 2C 27 27 20 5B 31 33 3A 32 39 3A 31 39 3B 31 38 5D [00 A0 00 00 40 00 00 00 00 00 00] (13:29:44;04.835)
0: C0 03                                     D0 03    [00 A0 00 00 40 00 00 00 00 00 00] (13:29:44;06.916)
0: C0 03                                     D0 03    [00 A0 00 00 40 00 00 00 00 00 00] (13:29:44;06.918)
1: C0 03                                     D0 03    [00 A0 00 00 40 00 00 00 00 00 00] (13:29:44;06.919)
2: C0 03                                     D0 03    [00 A0 00 00 40 00 00 00 00 00 00] (13:29:44;06.920)
0: C0 A9                                     DF A9 31 DD 07 06 00 04 00 06 00 0D 00 1D 00 13 00 27 02 4C 6F 75 74 68 28 30 29 3A 20 50 6C 61 79 20 61 62 6F 72 74 65 64 3A 20 4E 6F 74 20 63 75 65 64 2E [00 A0 00 00 40 00 00 00 00 00 00] (13:29:44;10.830)
0: C0 A9                                     DF A9 36 DD 07 06 00 04 00 06 00 0D 00 1D 00 15 00 37 02 53 45 52 4C 6F 75 74 68 3A 20 31 30 30 31 2C 31 30 2C 31 2C 32 2C 27 27 20 5B 31 33 3A 32 39 3A 32 31 3B 31 39 5D [00 A0 00 00 40 00 00 00 00 00 00] (13:29:44;16.824)
0: C0 A9                                     DF A9 31 DD 07 06 00 04 00 06 00 0D 00 1D 00 15 00 37 02 4C 6F 75 74 68 28 31 29 3A 20 50 6C 61 79 20 61 62 6F 72 74 65 64 3A 20 4E 6F 74 20 63 75 65 64 2E [00 A0 00 00 40 00 00 00 00 00 00] (13:29:44;22.818)
0: C0 A9                                     DF A9 00 [00 A0 00 00 40 00 00 00 00 00 00] (13:29:44;28.811)
0: C1 81 02                                  DD 81 4D 41 5C 30 00 00 00 00 00 00 00 00 01 [00 A0 00 00 40 00 00 00 00 00 00] (13:29:45;04.806)
0: C0 82                                     DD 81 4D 41 5C 31 00 00 00 00 00 00 00 00 82 [00 A0 00 00 40 00 00 00 00 00 00] (13:29:45;10.800)
0: C1 4C 23                                  D0 4C    [00 A0 00 00 40 00 00 00 00 00 00] (13:29:45;11.527)
0: C0 C0                                     D8 C0 13 0F 03 32 00 00 08 01 [00 A0 00 00 40 00 00 00 00 00 00] (13:29:45;11.746)
0: C1 4C 22                                  D0 4C    [00 A0 00 00 40 00 00 00 00 00 00] (13:29:45;11.747)
1: C0 C0                                     D8 C0 13 0F 03 32 00 00 08 01 [00 A0 00 00 40 00 00 00 00 00 00] (13:29:45;11.749)
2: C0 C0                                     D8 C0 13 0F 03 32 00 00 08 01 [00 A0 00 00 40 00 00 00 00 00 00] (13:29:45;11.752)
0: C4 B3 00 00 00 06                         D4 B3 00 00 00 00 [00 A0 00 00 40 00 00 00 00 00 00] (13:29:45;16.291)
0: C0 82                                     D0 81    [00 A0 00 00 40 00 00 00 00 00 00] (13:29:45;16.799)
0: C0 C0                                     D8 C0 13 0F 03 32 00 00 08 01 [00 A0 00 00 40 00 00 00 00 00 00] (13:29:45;20.517)
0: C0 03                                     D0 03    [00 A0 00 00 40 00 00 00 00 00 00] (13:29:46;07.074)
1: C0 03                                     D0 03    [00 A0 00 00 40 00 00 00 00 00 00] (13:29:46;07.080)
2: C0 03                                     D0 03    [00 A0 00 00 40 00 00 00 00 00 00] (13:29:46;07.085)
0: C1 4C 23                                  D0 4C    [00 A0 00 00 40 00 00 00 00 00 00] (13:29:46;07.386)
0: C1 4C 22                                  D0 4C    [00 A0 00 00 40 00 00 00 00 00 00] (13:29:47;28.853)
0: C0 03                                     D0 03    [00 A0 00 00 40 00 00 00 00 00 00] (13:29:47;28.884)
0: C0 03                                     D0 03    [00 A0 00 00 40 00 00 00 00 00 00] (13:29:47;28.886)
1: C0 03                                     D0 03    [00 A0 00 00 40 00 00 00 00 00 00] (13:29:47;28.889)
2: C0 03                                     D0 03    [00 A0 00 00 40 00 00 00 00 00 00] (13:29:47;28.891)
0: C4 B3 00 00 00 06                         D4 B3 00 00 00 00 [00 A0 00 00 40 00 00 00 00 00 00] (13:29:48;16.535)
0: C1 4C 23                                  D0 4C    [00 A0 00 00 40 00 00 00 00 00 00] (13:29:48;24.471)
0: C0 C0                                     D8 C0 13 0F 03 32 00 00 08 01 [00 A0 00 00 40 00 00 00 00 00 00] (13:29:50;15.865)
1: C0 C0                                     D8 C0 13 0F 03 32 00 00 08 01 [00 A0 00 00 40 00 00 00 00 00 00] (13:29:50;15.872)
2: C0 C0                                     D8 C0 13 0F 03 32 00 00 08 01 [00 A0 00 00 40 00 00 00 00 00 00] (13:29:50;15.874)
0: C1 4C 22                                  D0 4C    [00 A0 00 00 40 00 00 00 00 00 00] (13:29:51;11.506)
0: C4 B3 00 00 00 06                         D4 B3 00 00 00 00 [00 A0 00 00 40 00 00 00 00 00 00] (13:29:51;16.718)
0: C0 03                                     D0 03    [00 A0 00 00 40 00 00 00 00 00 00] (13:29:52;23.976)
0: C0 C0                                     D8 C0 13 0F 03 32 00 00 08 01 [00 A0 00 00 40 00 00 00 00 00 00] (13:29:52;23.978)
1: C0 03                                     D0 03    [00 A0 00 00 40 00 00 00 00 00 00] (13:29:52;23.981)
2: C0 03                                     D0 03    [00 A0 00 00 40 00 00 00 00 00 00] (13:29:52;23.983)
0: C1 4C 23                                  D0 4C    [00 A0 00 00 40 00 00 00 00 00 00] (13:29:52;24.224)
0: C4 B3 00 00 00 06                         D4 B3 00 00 00 01 [00 A0 00 00 40 00 00 00 00 00 00] (13:29:54;17.081)
0: C1 4C 22                                  D0 4C    [00 A0 00 00 40 00 00 00 00 00 00] (13:29:55;03.204)
1: C0 03                                     D0 03    [00 A0 00 00 40 00 00 00 00 00 00] (13:29:55;03.211)
2: C0 03                                     D0 03    [00 A0 00 00 40 00 00 00 00 00 00] (13:29:55;03.214)
0: C0 03                                     D0 03    [00 A0 00 00 40 00 00 00 00 00 00] (13:29:55;03.223)
